w1,w2,θ,x1,x2,η,y,t,δW1,δW2,δθ
0.000000,0.400000,0.300000,0.000000,0.000000,0.100000,0.574443,0.000000,0.000000,0.000000,-0.057444
0.000000,0.400000,0.242556,0.000000,1.000000,0.100000,0.655331,0.000000,0.000000,-0.065533,-0.065533
0.000000,0.334467,0.177023,1.000000,0.000000,0.100000,0.544140,0.000000,-0.054414,0.000000,-0.054414
-0.054414,0.334467,0.122609,1.000000,1.000000,0.100000,0.599327,0.000000,0.040067,0.040067,0.040067
-0.014347,0.374534,0.162676,0.000000,0.000000,0.100000,0.540580,0.000000,0.000000,0.000000,-0.054058
-0.014347,0.374534,0.108618,0.000000,1.000000,0.100000,0.618492,0.000000,0.000000,-0.061849,-0.061849
-0.014347,0.312685,0.046769,1.000000,0.000000,0.100000,0.508105,0.000000,-0.050810,0.000000,-0.050810
-0.065157,0.312685,-0.004042,1.000000,1.000000,0.100000,0.560573,0.000000,0.043943,0.043943,0.043943
-0.021214,0.356628,0.039901,0.000000,0.000000,0.100000,0.509974,0.000000,0.000000,0.000000,-0.050997
-0.021214,0.356628,-0.011096,0.000000,1.000000,0.100000,0.585534,0.000000,0.000000,-0.058553,-0.058553
-0.021214,0.298074,-0.069650,1.000000,0.000000,0.100000,0.477300,0.000000,-0.047730,0.000000,-0.047730
-0.068944,0.298074,-0.117380,1.000000,1.000000,0.100000,0.527909,0.000000,0.047209,0.047209,0.047209
-0.021735,0.345284,-0.070171,0.000000,0.000000,0.100000,0.482465,0.000000,0.000000,0.000000,-0.048246
-0.021735,0.345284,-0.118417,0.000000,1.000000,0.100000,0.556475,0.000000,0.000000,-0.055647,-0.055647
-0.021735,0.289636,-0.174064,1.000000,0.000000,0.100000,0.451206,0.000000,-0.045121,0.000000,-0.045121
-0.066856,0.289636,-0.219185,1.000000,1.000000,0.100000,0.500899,0.000000,0.049910,0.049910,0.049910
-0.016946,0.339546,-0.169275,0.000000,0.000000,0.100000,0.457782,0.000000,0.000000,0.000000,-0.045778
-0.016946,0.339546,-0.215053,0.000000,1.000000,0.100000,0.531083,0.000000,0.000000,-0.053108,-0.053108
-0.016946,0.286438,-0.268161,1.000000,0.000000,0.100000,0.429202,0.000000,-0.042920,0.000000,-0.042920
-0.059866,0.286438,-0.311082,1.000000,1.000000,0.100000,0.478885,0.000000,0.052111,0.052111,0.052111
-0.007754,0.338549,-0.258970,0.000000,0.000000,0.100000,0.435617,0.000000,0.000000,0.000000,-0.043562
-0.007754,0.338549,-0.302532,0.000000,1.000000,0.100000,0.509003,0.000000,0.000000,-0.050900,-0.050900
-0.007754,0.287649,-0.353432,1.000000,0.000000,0.100000,0.410672,0.000000,-0.041067,0.000000,-0.041067
-0.048822,0.287649,-0.394499,1.000000,1.000000,0.100000,0.461160,0.000000,0.053884,0.053884,0.053884
0.005062,0.341533,-0.340615,0.000000,0.000000,0.100000,0.415660,0.000000,0.000000,0.000000,-0.041566
0.005062,0.341533,-0.382181,0.000000,1.000000,0.100000,0.489839,0.000000,0.000000,-0.048984,-0.048984
0.005062,0.292549,-0.431165,1.000000,0.000000,0.100000,0.395057,0.000000,-0.039506,0.000000,-0.039506
-0.034443,0.292549,-0.470671,1.000000,1.000000,0.100000,0.447058,0.000000,0.055294,0.055294,0.055294
0.020851,0.347843,-0.415377,0.000000,0.000000,0.100000,0.397624,0.000000,0.000000,0.000000,-0.039762
0.020851,0.347843,-0.455139,0.000000,1.000000,0.100000,0.473202,0.000000,0.000000,-0.047320,-0.047320
0.020851,0.300523,-0.502459,1.000000,0.000000,0.100000,0.381872,0.000000,-0.038187,0.000000,-0.038187
-0.017337,0.300523,-0.540647,1.000000,1.000000,0.100000,0.435988,0.000000,0.056401,0.056401,0.056401
0.039065,0.356924,-0.484245,0.000000,0.000000,0.100000,0.381250,0.000000,0.000000,0.000000,-0.038125
0.039065,0.356924,-0.522370,0.000000,1.000000,0.100000,0.458733,0.000000,0.000000,-0.045873,-0.045873
0.039065,0.311051,-0.568244,1.000000,0.000000,0.100000,0.370708,0.000000,-0.037071,0.000000,-0.037071
0.001994,0.311051,-0.605315,1.000000,1.000000,0.100000,0.427448,0.000000,0.057255,0.057255,0.057255
0.059249,0.368306,-0.548059,0.000000,0.000000,0.100000,0.366315,0.000000,0.000000,0.000000,-0.036631
0.059249,0.368306,-0.584691,0.000000,1.000000,0.100000,0.446114,0.000000,0.000000,-0.044611,-0.044611
0.059249,0.323695,-0.629302,1.000000,0.000000,0.100000,0.361225,0.000000,-0.036122,0.000000,-0.036122
0.023127,0.323695,-0.665425,1.000000,1.000000,0.100000,0.421016,0.000000,0.057898,0.057898,0.057898
0.081025,0.381593,-0.607526,0.000000,0.000000,0.100000,0.352624,0.000000,0.000000,0.000000,-0.035262
0.081025,0.381593,-0.642789,0.000000,1.000000,0.100000,0.435070,0.000000,0.000000,-0.043507,-0.043507
0.081025,0.338086,-0.686296,1.000000,0.000000,0.100000,0.353139,0.000000,-0.035314,0.000000,-0.035314
0.045711,0.338086,-0.721610,1.000000,1.000000,0.100000,0.416341,0.000000,0.058366,0.058366,0.058366
0.104077,0.396452,-0.663244,0.000000,0.000000,0.100000,0.340011,0.000000,0.000000,0.000000,-0.034001
0.104077,0.396452,-0.697245,0.000000,1.000000,0.100000,0.425364,0.000000,0.000000,-0.042536,-0.042536
0.104077,0.353916,-0.739781,1.000000,0.000000,0.100000,0.346218,0.000000,-0.034622,0.000000,-0.034622
0.069455,0.353916,-0.774403,1.000000,1.000000,0.100000,0.413132,0.000000,0.058687,0.058687,0.058687
0.128142,0.412603,-0.715716,0.000000,0.000000,0.100000,0.328337,0.000000,0.000000,0.000000,-0.032834
0.128142,0.412603,-0.748550,0.000000,1.000000,0.100000,0.416794,0.000000,0.000000,-0.041679,-0.041679
0.128142,0.370923,-0.790229,1.000000,0.000000,0.100000,0.340271,0.000000,-0.034027,0.000000,-0.034027
0.094115,0.370923,-0.824256,1.000000,1.000000,0.100000,0.411149,0.000000,0.058885,0.058885,0.058885
0.153000,0.429808,-0.765371,0.000000,0.000000,0.100000,0.317481,0.000000,0.000000,0.000000,-0.031748
0.153000,0.429808,-0.797119,0.000000,1.000000,0.100000,0.409191,0.000000,0.000000,-0.040919,-0.040919
0.153000,0.388889,-0.838039,1.000000,0.000000,0.100000,0.335138,0.000000,-0.033514,0.000000,-0.033514
0.119486,0.388889,-0.871552,1.000000,1.000000,0.100000,0.410191,0.000000,0.058981,0.058981,0.058981
0.178467,0.447870,-0.812571,0.000000,0.000000,0.100000,0.307343,0.000000,0.000000,0.000000,-0.030734
0.178467,0.447870,-0.843306,0.000000,1.000000,0.100000,0.402409,0.000000,0.000000,-0.040241,-0.040241
0.178467,0.407629,-0.883547,1.000000,0.000000,0.100000,0.330687,0.000000,-0.033069,0.000000,-0.033069
0.145398,0.407629,-0.916615,1.000000,1.000000,0.100000,0.410091,0.000000,0.058991,0.058991,0.058991
0.204389,0.466620,-0.857624,0.000000,0.000000,0.100000,0.297836,0.000000,0.000000,0.000000,-0.029784
0.204389,0.466620,-0.887408,0.000000,1.000000,0.100000,0.396328,0.000000,0.000000,-0.039633,-0.039633
0.204389,0.426987,-0.927041,1.000000,0.000000,0.100000,0.326809,0.000000,-0.032681,0.000000,-0.032681
0.171708,0.426987,-0.959722,1.000000,1.000000,0.100000,0.410711,0.000000,0.058929,0.058929,0.058929
0.230637,0.485916,-0.900793,0.000000,0.000000,0.100000,0.288888,0.000000,0.000000,0.000000,-0.028889
0.230637,0.485916,-0.929682,0.000000,1.000000,0.100000,0.390844,0.000000,0.000000,-0.039084,-0.039084
0.230637,0.446832,-0.968766,1.000000,0.000000,0.100000,0.323413,0.000000,-0.032341,0.000000,-0.032341
0.198296,0.446832,-1.001107,1.000000,1.000000,0.100000,0.411933,0.000000,0.058807,0.058807,0.058807
0.257103,0.505638,-0.942301,0.000000,0.000000,0.100000,0.280436,0.000000,0.000000,0.000000,-0.028044
0.257103,0.505638,-0.970344,0.000000,1.000000,0.100000,0.385870,0.000000,0.000000,-0.038587,-0.038587
0.257103,0.467051,-1.008931,1.000000,0.000000,0.100000,0.320423,0.000000,-0.032042,0.000000,-0.032042
0.225060,0.467051,-1.040973,1.000000,1.000000,0.100000,0.413658,0.000000,0.058634,0.058634,0.058634
0.283694,0.525685,-0.982339,0.000000,0.000000,0.100000,0.272428,0.000000,0.000000,0.000000,-0.027243
0.283694,0.525685,-1.009582,0.000000,1.000000,0.100000,0.381332,0.000000,0.000000,-0.038133,-0.038133
0.283694,0.487552,-1.047715,1.000000,0.000000,0.100000,0.317774,0.000000,-0.031777,0.000000,-0.031777
0.251917,0.487552,-1.079493,1.000000,1.000000,0.100000,0.415804,0.000000,0.058420,0.058420,0.058420
0.310337,0.545972,-1.021073,0.000000,0.000000,0.100000,0.264818,0.000000,0.000000,0.000000,-0.026482
0.310337,0.545972,-1.047555,0.000000,1.000000,0.100000,0.377169,0.000000,0.000000,-0.037717,-0.037717
0.310337,0.508255,-1.085272,1.000000,0.000000,0.100000,0.315413,0.000000,-0.031541,0.000000,-0.031541
0.278795,0.508255,-1.116813,1.000000,1.000000,0.100000,0.418298,0.000000,0.058170,0.058170,0.058170
